cqu1<-c(0.99661318, 0.99504735, 0.99504735, 0.99504735, 1.00200346, 1.00043763,1.00043763, 1.00043763, 1.00043763,
        0.58780346, 0.58623763, 0.58623763,0.58623763, 1.00200346, 1.00043763, 1.00043763, 0.99661318, 0.99504735,
        0.99504735, 0.99504735, 0.99504735, 0.99504735, 1.00200346, 1.00043763,1.00043763, 1.00043763, 1.00043763,0.58780346, 0.58623763, 
        0.58623763,
        0.58623763, 0.58623763, 1.00200346, 1.00043763, 1.00043763 ,1.00043763,1.00043763, 1.00043763,1.00043763)


cqu8<-c(0.99574054, 0.99338225, 0.99338225, 0.99338225, 1.00294091, 1.00058262,
        1.00058262, 1.00058262, 1.00058262, 1.08014311, 1.07778482, 1.07778482,
        1.07778482, 1.00294091, 1.00058262, 1.00058262, 0.99574054, 0.99338225,
        0.99338225, 0.99338225, 0.99338225, 0.99338225 ,1.00294091, 1.00058262,
        1.00058262, 1.00058262, 1.00058262, 1.08014311, 1.07778482, 1.07778482,
        1.07778482, 1.07778482, 1.00294091, 1.00058262, 1.00058262, 1.00058262,
        1.00058262, 1.00058262, 1.00058262)

cqtqb1<-c(1.33344066, 1.33149798, 1.33149798, 1.33149798, 1.35609706, 1.35415438,
          1.35415438, 1.35415438, 0.74745338, 1.35658706, 1.35464438, 1.35464438,
          0.74794338, 1.35609706, 1.35415438, 0.74745338, 1.33344066, 1.33149798,
          1.33149798, 1.33149798, 0.72479698, 1.33149798, 1.35609706, 1.35415438,
          1.35415438, 1.35415438, 1.35415438, 1.35658706, 1.35464438, 1.35464438,
          1.35464438, 0.74794338, 1.35609706, 1.35415438, 1.35415438, 1.35415438,
          0.74745338, 1.35415438, 0.74745338)

cqtqb8<-c(1.06348761, 1.06311401, 1.06311401, 1.06311401, 1.06783431, 1.06746071,
          1.06746071, 1.06746071, 0.95189871, 1.06925431, 1.06888071, 1.06888071,
          0.95331871, 1.06783431, 1.06746071, 0.95189871, 1.06348761, 1.06311401,
          1.06311401, 1.06311401, 0.94755201, 1.06311401, 1.06783431, 1.06746071,
          1.06746071, 1.06746071, 1.06746071, 1.06925431, 1.06888071, 1.06888071,
          1.06888071, 0.95331871, 1.06783431, 1.06746071, 1.06746071, 1.06746071,
          0.95189871, 1.06746071, 0.95189871)

cphi <-c(0.99714499, 0.99554806, 0.99601774, 0.99944644, 0.99719196, 0.99559503,
   0.99606471, 0.99949341, 0.99949341, 0.98375898, 0.9825804,  0.98606043,
   0.98606043, 0.99511166, 0.99351473, 0.99741312, 0.99714499, 0.99554806,
   0.99601774, 0.99944644, 0.99944644, 0.99944644, 0.99719196, 0.99559503,
   0.99606471, 0.99949341, 0.99949341, 0.98375898, 0.98216205, 0.98263174,
   0.98606043, 0.98606043, 0.99511166, 0.99351473, 0.99398442, 0.99770861,
   0.99770861, 0.99695711, 0.99695711)

cor.test(cqtqb8, cqtqb1,
         method = "pearson")
cor.test(cqu1, cqu8,
         method = "pearson",
         exact = FALSE)

cor.test(cqu1, cphi,
         method = "pearson",
         exact = FALSE)

cor.test(cqtqb1, cphi,
         method = "pearson",
         exact = FALSE)
